1000 5506
198 631 1
722 779 1
899 476 1
269 254 1
710 974 1
913 302 1
385 974 1
739 160 1
610 654 1
959 58 1
417 254 1
909 557 1
30 432 1
760 320 1
380 293 1
667 768 1
184 813 1
985 720 1
805 830 1
475 825 1
406 582 1
743 167 1
649 939 1
25 481 1
445 34 1
650 290 1
526 9 1
254 727 1
846 335 1
254 903 1
700 974 1
16 977 1
977 974 1
206 884 1
169 509 1
837 488 1
254 326 1
474 293 1
375 234 1
198 606 1
197 616 1
979 116 1
54 974 1
916 489 1
674 107 1
644 67 1
877 817 1
21 886 1
810 639 1
216 974 1
756 231 1
127 212 1
30 599 1
99 974 1
146 992 1
262 252 1
998 120 1
665 974 1
12 974 1
911 172 1
300 193 1
11 479 1
953 254 1
345 254 1
746 726 1
397 611 1
150 391 1
606 712 1
254 242 1
522 884 1
172 974 1
334 43 1
548 922 1
505 519 1
532 652 1
26 955 1
509 785 1
107 335 1
752 192 1
69 325 1
254 905 1
822 317 1
251 491 1
414 89 1
691 974 1
221 458 1
580 309 1
697 974 1
108 33 1
555 623 1
121 95 1
990 737 1
92 746 1
211 254 1
810 312 1
701 72 1
477 619 1
147 609 1
947 554 1
819 302 1
137 470 1
950 160 1
614 329 1
218 49 1
282 427 1
668 974 1
390 279 1
254 800 1
308 249 1
87 564 1
494 260 1
27 254 1
725 559 1
138 974 1
640 933 1
166 799 1
82 240 1
587 87 1
823 152 1
662 974 1
724 49 1
103 254 1
254 174 1
479 727 1
930 262 1
392 339 1
79 633 1
238 486 1
416 475 1
166 223 1
902 987 1
595 974 1
471 974 1
20 11 1
136 974 1
20 543 1
944 855 1
353 795 1
56 266 1
274 886 1
369 958 1
426 906 1
263 462 1
38 299 1
254 223 1
86 252 1
685 636 1
282 991 1
528 45 1
272 895 1
115 381 1
912 321 1
544 204 1
461 847 1
793 277 1
895 840 1
278 76 1
581 449 1
497 89 1
165 176 1
254 874 1
720 254 1
254 671 1
254 444 1
308 401 1
958 254 1
635 336 1
734 974 1
455 516 1
958 315 1
239 616 1
201 974 1
563 177 1
605 974 1
254 118 1
719 974 1
984 8 1
545 158 1
655 254 1
254 654 1
714 754 1
642 480 1
665 111 1
201 268 1
254 663 1
918 254 1
185 905 1
254 112 1
332 819 1
203 160 1
979 557 1
638 254 1
683 239 1
701 974 1
722 254 1
592 901 1
665 634 1
254 6 1
102 964 1
465 254 1
482 794 1
984 974 1
130 974 1
652 654 1
862 564 1
827 829 1
793 974 1
128 262 1
693 828 1
343 795 1
923 171 1
958 181 1
921 999 1
106 974 1
645 404 1
896 254 1
314 162 1
188 63 1
254 106 1
693 240 1
782 254 1
272 847 1
254 299 1
819 608 1
732 988 1
731 373 1
508 974 1
332 974 1
812 437 1
715 945 1
21 254 1
261 832 1
821 932 1
715 271 1
254 125 1
445 974 1
393 142 1
649 993 1
702 860 1
319 321 1
782 518 1
274 972 1
23 412 1
165 254 1
217 876 1
311 254 1
254 336 1
885 199 1
254 167 1
254 699 1
186 8 1
614 508 1
687 717 1
54 114 1
131 118 1
720 29 1
686 159 1
51 609 1
280 569 1
982 990 1
513 974 1
361 878 1
952 254 1
927 806 1
176 502 1
166 974 1
79 895 1
27 99 1
892 254 1
254 761 1
915 575 1
481 767 1
275 623 1
463 315 1
977 711 1
253 791 1
437 897 1
69 198 1
989 89 1
254 940 1
74 974 1
986 429 1
338 254 1
574 838 1
54 895 1
254 991 1
301 696 1
834 374 1
254 676 1
5 934 1
984 734 1
366 262 1
795 661 1
496 285 1
859 566 1
411 43 1
485 397 1
516 783 1
55 591 1
377 998 1
254 450 1
824 99 1
703 254 1
565 339 1
823 571 1
342 974 1
240 35 1
687 815 1
172 832 1
567 237 1
442 289 1
841 390 1
322 398 1
834 974 1
347 254 1
805 254 1
254 562 1
589 550 1
437 597 1
269 187 1
254 885 1
85 67 1
349 930 1
154 175 1
742 974 1
254 669 1
872 940 1
968 237 1
958 632 1
2 611 1
931 367 1
21 987 1
70 736 1
254 134 1
769 303 1
282 213 1
816 473 1
859 939 1
829 188 1
251 765 1
484 974 1
913 225 1
254 505 1
919 886 1
561 219 1
892 860 1
599 920 1
66 745 1
79 834 1
553 426 1
467 285 1
843 681 1
540 107 1
136 623 1
606 949 1
970 254 1
529 828 1
254 199 1
136 122 1
43 974 1
921 254 1
811 254 1
66 576 1
487 45 1
236 871 1
888 171 1
461 683 1
10 65 1
254 355 1
971 254 1
323 974 1
644 915 1
633 254 1
869 616 1
809 956 1
818 213 1
405 180 1
601 254 1
960 223 1
563 654 1
45 254 1
785 745 1
650 503 1
494 254 1
807 254 1
36 860 1
254 564 1
719 489 1
533 254 1
515 825 1
211 981 1
742 610 1
481 254 1
835 963 1
288 122 1
69 241 1
156 478 1
599 254 1
719 981 1
546 323 1
980 484 1
982 201 1
601 272 1
254 520 1
254 975 1
138 306 1
131 254 1
329 974 1
254 222 1
254 696 1
254 468 1
532 266 1
254 981 1
254 869 1
552 89 1
176 987 1
487 13 1
254 460 1
421 363 1
997 974 1
780 254 1
12 303 1
584 60 1
859 526 1
192 516 1
21 313 1
23 337 1
85 637 1
160 974 1
726 895 1
203 673 1
617 207 1
254 941 1
749 653 1
617 539 1
916 606 1
254 435 1
137 300 1
117 298 1
990 803 1
898 254 1
254 13 1
773 702 1
952 783 1
225 254 1
699 974 1
665 667 1
283 254 1
241 576 1
618 31 1
469 722 1
373 756 1
994 969 1
601 904 1
267 867 1
919 254 1
91 511 1
312 681 1
927 125 1
25 974 1
560 737 1
48 974 1
254 753 1
666 925 1
313 889 1
837 964 1
931 242 1
953 439 1
519 619 1
560 850 1
108 389 1
245 971 1
927 50 1
123 639 1
790 906 1
231 684 1
361 574 1
818 634 1
612 974 1
366 726 1
937 845 1
623 549 1
480 690 1
27 868 1
254 247 1
639 784 1
254 393 1
925 493 1
910 254 1
254 551 1
509 974 1
254 96 1
999 796 1
811 236 1
224 254 1
548 889 1
495 412 1
24 974 1
279 957 1
859 974 1
598 254 1
868 956 1
892 598 1
989 693 1
899 702 1
885 974 1
649 840 1
365 9 1
239 174 1
623 254 1
31 423 1
812 400 1
946 846 1
831 637 1
589 974 1
907 252 1
317 225 1
254 613 1
85 154 1
908 254 1
116 801 1
22 974 1
288 254 1
158 711 1
832 755 1
533 974 1
798 240 1
345 853 1
728 564 1
504 974 1
950 531 1
494 829 1
141 817 1
679 700 1
151 868 1
198 208 1
649 558 1
254 486 1
690 974 1
19 920 1
554 504 1
254 643 1
160 464 1
656 254 1
774 389 1
584 390 1
325 184 1
246 629 1
109 974 1
608 884 1
403 381 1
812 184 1
254 906 1
641 974 1
610 253 1
166 957 1
118 974 1
550 281 1
223 659 1
726 52 1
951 739 1
728 388 1
254 603 1
254 996 1
816 329 1
61 974 1
632 204 1
342 966 1
632 572 1
10 808 1
639 587 1
951 254 1
263 42 1
699 700 1
546 248 1
247 974 1
269 339 1
254 702 1
993 197 1
209 956 1
301 67 1
137 668 1
20 329 1
899 885 1
92 140 1
263 807 1
565 479 1
316 801 1
954 254 1
254 657 1
165 132 1
219 876 1
938 183 1
116 254 1
777 996 1
788 254 1
917 745 1
146 254 1
445 206 1
594 851 1
417 217 1
877 16 1
12 57 1
121 120 1
117 60 1
571 742 1
593 291 1
391 755 1
37 490 1
777 825 1
715 814 1
724 254 1
230 368 1
568 846 1
213 974 1
779 254 1
502 256 1
146 327 1
136 254 1
751 254 1
46 795 1
241 9 1
740 254 1
18 115 1
552 206 1
587 236 1
553 296 1
90 665 1
254 272 1
333 326 1
240 423 1
146 965 1
49 806 1
254 476 1
243 912 1
321 974 1
254 871 1
143 194 1
745 423 1
675 614 1
55 288 1
154 4 1
669 384 1
260 254 1
708 380 1
976 907 1
295 802 1
386 974 1
41 974 1
254 942 1
352 616 1
614 906 1
752 254 1
724 898 1
465 236 1
203 601 1
891 254 1
9 248 1
254 177 1
110 190 1
394 974 1
295 172 1
534 812 1
359 468 1
339 881 1
254 19 1
982 373 1
500 906 1
344 974 1
521 182 1
280 213 1
91 254 1
821 254 1
107 974 1
479 486 1
254 839 1
306 209 1
147 81 1
532 254 1
478 464 1
257 930 1
18 254 1
751 498 1
110 254 1
826 370 1
245 254 1
837 738 1
91 326 1
303 974 1
768 930 1
131 186 1
595 130 1
254 756 1
254 684 1
108 759 1
307 874 1
312 941 1
644 781 1
254 434 1
454 381 1
536 654 1
416 482 1
359 705 1
624 974 1
718 326 1
241 974 1
197 254 1
43 254 1
425 914 1
92 948 1
890 634 1
718 509 1
812 576 1
461 29 1
951 890 1
20 128 1
895 376 1
472 254 1
661 593 1
254 605 1
19 354 1
978 436 1
254 57 1
138 712 1
617 382 1
246 225 1
468 806 1
746 410 1
18 70 1
254 250 1
645 974 1
725 809 1
254 836 1
25 12 1
254 849 1
494 985 1
269 268 1
666 616 1
401 394 1
707 649 1
539 254 1
360 507 1
29 205 1
913 298 1
391 368 1
987 974 1
720 705 1
506 106 1
485 254 1
232 974 1
971 329 1
821 216 1
557 578 1
222 235 1
762 570 1
663 974 1
651 330 1
254 213 1
74 737 1
401 254 1
69 446 1
556 230 1
812 93 1
148 282 1
692 254 1
924 974 1
406 493 1
352 222 1
30 254 1
258 44 1
966 291 1
428 389 1
666 572 1
888 783 1
550 384 1
283 384 1
599 682 1
571 987 1
586 974 1
543 937 1
254 820 1
48 1 1
78 381 1
254 586 1
254 867 1
528 329 1
976 942 1
683 642 1
909 114 1
304 470 1
448 959 1
959 42 1
25 571 1
761 498 1
702 904 1
725 923 1
463 562 1
96 477 1
254 129 1
367 507 1
154 254 1
544 902 1
31 73 1
817 847 1
564 230 1
254 290 1
892 974 1
81 114 1
568 309 1
253 974 1
599 804 1
766 379 1
64 254 1
695 136 1
906 974 1
210 44 1
100 591 1
732 870 1
834 851 1
254 730 1
406 879 1
399 381 1
709 324 1
913 831 1
481 365 1
528 803 1
499 472 1
255 327 1
897 254 1
418 145 1
633 991 1
333 439 1
254 384 1
748 974 1
647 623 1
641 168 1
159 196 1
388 974 1
622 833 1
264 247 1
735 205 1
254 447 1
254 514 1
827 377 1
290 181 1
623 974 1
841 902 1
23 14 1
254 876 1
743 948 1
354 942 1
418 264 1
30 113 1
292 761 1
531 73 1
254 863 1
202 479 1
62 564 1
100 774 1
879 900 1
361 974 1
822 964 1
361 756 1
596 254 1
705 201 1
37 733 1
744 254 1
254 158 1
474 858 1
539 118 1
254 187 1
679 956 1
254 220 1
523 974 1
704 974 1
485 445 1
987 612 1
944 940 1
965 974 1
653 299 1
385 914 1
852 940 1
254 530 1
879 974 1
263 832 1
627 635 1
720 335 1
465 953 1
11 74 1
431 974 1
101 559 1
307 254 1
879 254 1
893 10 1
721 132 1
862 393 1
996 712 1
265 130 1
864 433 1
895 682 1
471 153 1
718 606 1
825 637 1
421 212 1
596 280 1
462 254 1
912 483 1
254 179 1
831 800 1
103 974 1
849 974 1
789 858 1
694 464 1
561 55 1
667 254 1
412 814 1
402 254 1
990 974 1
900 265 1
781 184 1
353 118 1
524 154 1
786 806 1
956 542 1
113 424 1
121 844 1
801 415 1
731 974 1
77 901 1
475 454 1
151 254 1
757 85 1
559 974 1
331 106 1
191 734 1
985 223 1
719 903 1
287 974 1
562 974 1
417 900 1
405 869 1
724 529 1
441 776 1
877 578 1
706 711 1
298 254 1
350 112 1
641 950 1
34 974 1
574 404 1
328 244 1
639 254 1
450 974 1
622 254 1
675 75 1
736 285 1
96 974 1
406 974 1
324 254 1
170 942 1
928 478 1
587 820 1
334 201 1
257 31 1
373 470 1
711 974 1
976 937 1
750 974 1
140 279 1
954 73 1
38 184 1
709 612 1
890 971 1
349 774 1
568 490 1
615 177 1
244 974 1
319 974 1
23 903 1
242 745 1
132 965 1
958 283 1
51 419 1
860 329 1
559 612 1
549 994 1
260 662 1
757 948 1
151 950 1
254 368 1
614 620 1
198 68 1
338 974 1
254 787 1
923 222 1
516 974 1
967 254 1
64 639 1
760 594 1
484 997 1
721 974 1
665 773 1
254 440 1
254 569 1
23 429 1
604 849 1
723 290 1
831 447 1
890 576 1
734 424 1
312 254 1
26 254 1
254 635 1
30 214 1
334 685 1
743 664 1
617 722 1
878 401 1
55 194 1
939 880 1
548 254 1
55 254 1
829 19 1
350 761 1
917 254 1
326 974 1
946 959 1
463 254 1
788 710 1
448 556 1
457 254 1
260 292 1
898 73 1
652 404 1
380 387 1
872 572 1
564 925 1
970 464 1
254 928 1
150 100 1
254 870 1
348 292 1
759 254 1
44 76 1
470 254 1
448 811 1
779 391 1
831 690 1
273 387 1
587 791 1
995 254 1
408 261 1
265 974 1
740 323 1
573 656 1
373 254 1
185 353 1
342 254 1
621 192 1
254 430 1
54 863 1
26 224 1
823 974 1
301 993 1
864 519 1
740 890 1
254 477 1
894 140 1
105 325 1
949 430 1
985 254 1
469 137 1
469 764 1
380 661 1
792 234 1
385 965 1
254 456 1
416 974 1
551 974 1
601 974 1
360 390 1
46 586 1
274 254 1
192 974 1
137 254 1
254 446 1
589 443 1
861 557 1
714 378 1
962 943 1
51 598 1
326 828 1
775 143 1
814 616 1
290 904 1
385 765 1
14 576 1
506 238 1
559 384 1
23 448 1
463 26 1
304 581 1
308 722 1
495 346 1
892 954 1
239 839 1
517 402 1
472 367 1
666 282 1
915 440 1
760 627 1
838 776 1
963 455 1
641 434 1
263 254 1
319 151 1
495 762 1
106 468 1
479 901 1
233 974 1
254 668 1
790 974 1
261 254 1
272 974 1
10 214 1
769 665 1
530 382 1
686 851 1
727 974 1
525 434 1
803 58 1
37 6 1
953 99 1
369 400 1
487 26 1
254 857 1
668 941 1
362 190 1
554 254 1
305 58 1
113 605 1
427 664 1
138 110 1
784 181 1
365 961 1
175 227 1
601 63 1
836 974 1
114 974 1
175 341 1
249 258 1
927 974 1
597 292 1
759 974 1
408 450 1
12 254 1
57 130 1
254 717 1
954 321 1
338 909 1
715 164 1
44 747 1
301 290 1
485 7 1
392 254 1
996 34 1
195 254 1
650 668 1
5 974 1
323 853 1
95 903 1
361 964 1
263 766 1
744 22 1
200 545 1
134 341 1
254 972 1
633 37 1
249 601 1
180 974 1
432 254 1
20 399 1
254 303 1
254 681 1
254 501 1
254 237 1
543 727 1
555 201 1
653 254 1
661 964 1
92 379 1
886 593 1
254 735 1
909 974 1
221 806 1
521 793 1
916 950 1
254 969 1
946 892 1
766 942 1
193 957 1
29 514 1
935 452 1
26 857 1
214 464 1
479 468 1
797 660 1
770 713 1
141 95 1
879 89 1
264 428 1
455 227 1
305 592 1
869 58 1
132 381 1
151 984 1
55 223 1
25 761 1
360 802 1
366 472 1
408 258 1
644 640 1
795 354 1
215 527 1
777 254 1
512 254 1
595 486 1
540 397 1
254 467 1
408 423 1
581 7 1
937 710 1
311 219 1
924 514 1
328 562 1
963 548 1
738 720 1
989 808 1
254 590 1
231 974 1
440 542 1
701 749 1
971 230 1
16 637 1
792 974 1
3 2 1
852 254 1
249 254 1
561 951 1
888 906 1
325 254 1
37 374 1
51 254 1
670 974 1
630 44 1
52 273 1
487 395 1
320 336 1
647 365 1
62 201 1
266 597 1
989 547 1
462 698 1
170 440 1
254 52 1
613 357 1
295 909 1
211 279 1
991 489 1
831 634 1
893 937 1
939 254 1
666 271 1
524 636 1
447 734 1
533 782 1
311 542 1
773 254 1
232 399 1
515 912 1
406 578 1
410 815 1
254 248 1
651 588 1
369 413 1
70 847 1
407 926 1
719 254 1
902 974 1
363 452 1
418 668 1
533 209 1
835 377 1
400 974 1
122 171 1
442 562 1
1 726 1
862 52 1
265 419 1
274 681 1
646 480 1
964 285 1
924 29 1
254 374 1
224 445 1
254 620 1
316 684 1
253 323 1
820 180 1
891 134 1
292 357 1
827 974 1
685 942 1
221 216 1
610 974 1
3 13 1
363 254 1
568 71 1
55 389 1
1000 400 1
109 546 1
841 254 1
913 755 1
714 254 1
255 974 1
912 545 1
1 690 1
254 851 1
826 974 1
981 427 1
756 755 1
989 974 1
157 440 1
909 609 1
190 497 1
334 951 1
483 974 1
289 630 1
401 131 1
67 236 1
914 974 1
478 74 1
129 974 1
254 875 1
781 254 1
254 907 1
111 424 1
254 817 1
24 402 1
605 593 1
224 182 1
204 483 1
752 602 1
756 737 1
548 271 1
238 52 1
937 706 1
448 700 1
503 974 1
887 132 1
679 974 1
647 564 1
287 603 1
922 659 1
254 860 1
339 928 1
338 644 1
642 254 1
333 178 1
254 747 1
304 254 1
877 938 1
263 883 1
69 254 1
834 254 1
673 974 1
381 179 1
882 592 1
254 847 1
598 370 1
783 450 1
254 302 1
463 846 1
454 256 1
695 594 1
117 233 1
69 476 1
754 626 1
254 409 1
943 541 1
179 974 1
911 710 1
713 895 1
442 988 1
669 974 1
703 462 1
979 914 1
254 171 1
299 576 1
951 903 1
328 289 1
764 405 1
141 40 1
234 632 1
660 530 1
524 533 1
771 437 1
23 183 1
504 434 1
241 218 1
543 60 1
915 974 1
48 808 1
507 35 1
113 706 1
938 254 1
151 685 1
608 254 1
984 527 1
494 814 1
838 730 1
203 851 1
44 588 1
639 84 1
267 275 1
308 254 1
449 730 1
310 562 1
220 118 1
30 163 1
286 974 1
123 969 1
566 973 1
451 734 1
254 965 1
879 603 1
415 49 1
639 681 1
308 565 1
626 254 1
993 727 1
5 880 1
551 19 1
367 497 1
98 511 1
649 347 1
75 974 1
741 254 1
466 242 1
133 302 1
254 143 1
1 546 1
39 909 1
371 974 1
783 895 1
714 974 1
902 682 1
869 577 1
145 886 1
409 612 1
664 635 1
38 254 1
254 959 1
65 223 1
249 685 1
245 11 1
154 426 1
488 739 1
254 73 1
741 357 1
832 507 1
651 739 1
857 526 1
842 254 1
144 398 1
296 254 1
455 23 1
988 520 1
46 974 1
622 493 1
751 773 1
249 446 1
599 735 1
481 510 1
610 423 1
98 639 1
148 254 1
411 364 1
254 156 1
112 572 1
470 256 1
786 974 1
254 518 1
486 974 1
254 591 1
743 638 1
408 199 1
271 429 1
485 992 1
415 785 1
958 237 1
666 150 1
134 501 1
417 320 1
263 578 1
647 199 1
124 62 1
458 507 1
254 44 1
697 556 1
197 705 1
647 771 1
487 502 1
441 433 1
327 68 1
141 737 1
991 270 1
323 74 1
945 254 1
676 922 1
385 945 1
444 460 1
157 8 1
650 6 1
606 899 1
944 53 1
988 60 1
314 809 1
622 485 1
675 254 1
25 70 1
832 871 1
254 977 1
614 388 1
254 49 1
617 254 1
866 612 1
137 127 1
71 955 1
254 155 1
56 254 1
117 114 1
731 614 1
653 745 1
395 876 1
763 254 1
467 713 1
732 254 1
101 564 1
921 627 1
751 169 1
819 864 1
282 576 1
835 254 1
345 806 1
525 254 1
385 268 1
254 632 1
331 974 1
254 423 1
359 199 1
810 145 1
203 535 1
819 576 1
278 207 1
975 830 1
84 503 1
261 207 1
482 254 1
825 698 1
226 536 1
669 612 1
315 179 1
151 268 1
139 254 1
361 275 1
590 974 1
702 974 1
719 705 1
532 151 1
494 355 1
521 717 1
502 664 1
121 98 1
731 442 1
892 801 1
120 659 1
201 111 1
425 974 1
336 974 1
675 959 1
254 240 1
823 182 1
253 285 1
574 870 1
725 246 1
307 934 1
516 624 1
213 987 1
667 597 1
625 889 1
337 706 1
763 22 1
768 88 1
707 654 1
267 505 1
947 458 1
652 974 1
962 851 1
406 339 1
783 68 1
722 350 1
786 95 1
988 320 1
499 152 1
498 906 1
321 875 1
293 973 1
251 470 1
623 164 1
417 836 1
51 220 1
849 625 1
651 974 1
723 863 1
25 906 1
825 974 1
254 935 1
528 907 1
50 806 1
768 19 1
665 514 1
438 129 1
759 910 1
5 7 1
147 850 1
306 646 1
441 853 1
902 612 1
524 558 1
108 793 1
226 254 1
861 974 1
254 149 1
254 575 1
831 960 1
72 428 1
566 974 1
488 254 1
671 184 1
254 438 1
459 823 1
633 974 1
307 244 1
408 935 1
750 254 1
371 948 1
350 624 1
141 838 1
995 544 1
880 254 1
139 741 1
619 974 1
84 174 1
929 254 1
102 20 1
215 182 1
418 457 1
44 974 1
837 506 1
71 460 1
789 86 1
431 213 1
830 997 1
761 974 1
435 776 1
27 974 1
146 781 1
152 473 1
559 876 1
848 886 1
198 241 1
854 909 1
224 652 1
442 53 1
675 741 1
346 670 1
134 519 1
771 670 1
254 182 1
694 575 1
120 292 1
679 254 1
672 974 1
277 325 1
716 733 1
932 167 1
818 767 1
139 483 1
693 986 1
517 254 1
897 968 1
544 186 1
591 974 1
10 886 1
254 452 1
254 950 1
510 59 1
651 254 1
372 254 1
394 281 1
122 974 1
224 216 1
696 171 1
862 696 1
622 708 1
626 867 1
632 635 1
962 254 1
644 306 1
534 751 1
661 428 1
222 974 1
963 974 1
683 296 1
982 703 1
801 256 1
930 143 1
358 254 1
705 974 1
869 974 1
617 836 1
48 717 1
126 699 1
257 141 1
788 213 1
465 337 1
301 160 1
587 118 1
214 254 1
947 592 1
284 943 1
138 84 1
587 516 1
260 122 1
881 430 1
632 870 1
412 741 1
589 254 1
788 626 1
573 128 1
334 131 1
301 467 1
710 940 1
499 889 1
615 974 1
28 974 1
284 920 1
254 556 1
222 17 1
839 588 1
88 388 1
254 389 1
211 828 1
842 699 1
654 112 1
934 28 1
168 326 1
554 634 1
254 75 1
764 974 1
80 254 1
987 140 1
110 974 1
158 974 1
687 881 1
254 94 1
36 456 1
254 778 1
203 317 1
338 516 1
254 592 1
439 941 1
543 974 1
99 430 1
280 974 1
993 543 1
540 14 1
686 689 1
344 89 1
460 974 1
441 142 1
788 974 1
62 297 1
36 130 1
615 352 1
258 419 1
289 513 1
885 476 1
975 163 1
254 498 1
192 791 1
109 262 1
947 423 1
877 971 1
254 659 1
133 254 1
481 893 1
296 693 1
254 356 1
922 516 1
835 645 1
103 43 1
294 440 1
340 171 1
254 542 1
226 543 1
254 204 1
709 458 1
71 268 1
745 368 1
672 682 1
128 296 1
46 328 1
994 659 1
43 181 1
196 974 1
191 514 1
600 209 1
347 22 1
656 577 1
284 855 1
866 254 1
418 630 1
63 820 1
870 585 1
908 135 1
197 941 1
819 974 1
771 934 1
151 679 1
683 665 1
309 625 1
405 498 1
317 843 1
408 151 1
898 505 1
117 490 1
621 128 1
709 796 1
859 286 1
295 339 1
824 893 1
39 254 1
971 564 1
91 727 1
408 254 1
701 759 1
195 483 1
831 916 1
353 699 1
617 152 1
284 900 1
826 254 1
60 974 1
462 67 1
160 845 1
827 498 1
254 544 1
66 254 1
254 229 1
445 903 1
946 974 1
126 254 1
226 974 1
43 175 1
819 254 1
260 947 1
680 715 1
159 645 1
187 855 1
710 520 1
917 17 1
751 8 1
304 438 1
604 136 1
254 583 1
254 698 1
844 974 1
421 679 1
565 926 1
15 365 1
108 551 1
277 587 1
254 881 1
205 315 1
254 497 1
538 742 1
84 254 1
92 254 1
352 597 1
648 28 1
254 902 1
824 918 1
501 974 1
428 502 1
254 585 1
147 974 1
461 419 1
887 4 1
757 449 1
793 19 1
366 974 1
704 326 1
105 973 1
296 705 1
745 336 1
170 974 1
630 37 1
476 974 1
418 317 1
548 974 1
176 498 1
69 727 1
606 721 1
254 31 1
298 518 1
631 254 1
789 254 1
232 254 1
843 254 1
695 118 1
56 373 1
801 558 1
273 705 1
364 541 1
891 493 1
573 254 1
306 201 1
514 313 1
476 772 1
758 493 1
165 753 1
155 40 1
594 755 1
12 696 1
998 254 1
101 776 1
872 566 1
660 974 1
839 430 1
202 496 1
295 218 1
559 228 1
224 194 1
691 54 1
21 477 1
678 414 1
735 387 1
620 682 1
852 629 1
190 974 1
277 151 1
310 254 1
176 833 1
759 8 1
254 173 1
645 74 1
597 486 1
64 781 1
856 925 1
728 922 1
863 974 1
254 557 1
843 947 1
810 254 1
497 9 1
108 504 1
325 507 1
254 516 1
397 838 1
69 673 1
635 974 1
90 619 1
790 321 1
124 566 1
891 361 1
760 859 1
713 974 1
602 254 1
254 82 1
351 974 1
133 339 1
935 974 1
867 974 1
826 493 1
254 864 1
254 193 1
254 662 1
15 823 1
543 271 1
254 190 1
533 318 1
865 254 1
370 974 1
852 974 1
392 710 1
108 480 1
394 111 1
822 422 1
801 65 1
96 840 1
40 974 1
662 281 1
310 38 1
463 486 1
145 697 1
371 864 1
897 627 1
275 254 1
963 60 1
582 510 1
887 802 1
101 254 1
918 351 1
909 309 1
210 403 1
570 464 1
805 322 1
254 293 1
395 802 1
696 974 1
254 612 1
222 603 1
494 569 1
919 784 1
16 127 1
669 839 1
951 813 1
665 367 1
298 179 1
123 712 1
311 857 1
254 359 1
785 323 1
667 671 1
422 189 1
540 254 1
170 254 1
298 942 1
666 254 1
571 254 1
47 483 1
254 802 1
110 579 1
560 254 1
254 624 1
421 9 1
232 655 1
784 254 1
837 204 1
308 770 1
746 374 1
234 974 1
226 690 1
988 254 1
817 972 1
887 454 1
416 467 1
833 987 1
83 934 1
61 254 1
861 376 1
665 254 1
340 8 1
928 817 1
911 477 1
999 273 1
777 78 1
864 973 1
676 40 1
565 254 1
276 471 1
553 792 1
362 974 1
24 254 1
561 844 1
758 254 1
3 874 1
719 315 1
366 254 1
723 413 1
469 165 1
812 351 1
784 974 1
619 230 1
375 254 1
500 503 1
702 268 1
304 378 1
754 265 1
324 817 1
614 662 1
147 703 1
128 530 1
629 772 1
363 295 1
720 498 1
760 254 1
882 254 1
211 296 1
441 413 1
276 109 1
615 116 1
799 986 1
254 937 1
521 9 1
254 489 1
856 133 1
254 297 1
880 625 1
873 851 1
441 539 1
24 901 1
184 556 1
646 254 1
998 796 1
416 973 1
918 162 1
138 937 1
314 737 1
254 700 1
145 858 1
186 906 1
137 807 1
621 820 1
764 254 1
517 580 1
422 279 1
647 329 1
651 54 1
295 715 1
254 262 1
912 49 1
952 975 1
582 783 1
102 8 1
306 511 1
254 320 1
988 603 1
254 464 1
843 606 1
36 254 1
813 681 1
763 787 1
709 498 1
990 88 1
254 712 1
254 697 1
279 974 1
19 4 1
741 384 1
251 254 1
64 210 1
254 22 1
254 230 1
504 254 1
254 783 1
86 431 1
826 392 1
254 510 1
21 999 1
890 737 1
466 153 1
290 315 1
289 254 1
952 496 1
417 671 1
50 254 1
535 974 1
971 507 1
254 526 1
472 974 1
92 724 1
525 630 1
862 467 1
939 581 1
881 961 1
198 616 1
812 254 1
254 259 1
254 162 1
386 623 1
92 961 1
301 502 1
669 240 1
83 40 1
245 527 1
729 367 1
197 60 1
228 557 1
316 613 1
754 612 1
5 766 1
519 974 1
834 2 1
193 627 1
701 235 1
963 113 1
706 174 1
334 284 1
641 759 1
254 35 1
864 518 1
110 825 1
345 18 1
552 393 1
193 207 1
407 254 1
692 974 1
137 709 1
269 670 1
647 254 1
641 892 1
267 781 1
795 614 1
854 868 1
390 736 1
286 543 1
568 974 1
254 142 1
793 266 1
206 855 1
656 895 1
746 564 1
667 871 1
364 259 1
254 960 1
462 208 1
716 171 1
447 204 1
110 270 1
818 356 1
306 270 1
366 425 1
589 310 1
132 836 1
458 974 1
757 660 1
5 273 1
790 73 1
455 616 1
955 281 1
192 189 1
221 114 1
226 996 1
691 264 1
641 496 1
710 901 1
576 974 1
729 646 1
254 77 1
289 358 1
943 806 1
457 70 1
644 598 1
25 768 1
162 140 1
443 376 1
85 346 1
136 266 1
591 936 1
254 256 1
254 629 1
646 17 1
810 849 1
148 596 1
254 509 1
653 514 1
791 68 1
359 830 1
30 229 1
104 889 1
79 887 1
893 959 1
254 135 1
254 63 1
73 906 1
646 974 1
109 254 1
303 579 1
933 453 1
703 469 1
442 104 1
552 864 1
479 434 1
719 775 1
131 281 1
547 357 1
46 966 1
502 941 1
629 129 1
868 244 1
771 136 1
226 748 1
254 382 1
686 208 1
469 254 1
39 160 1
660 774 1
534 312 1
600 254 1
159 319 1
687 974 1
754 828 1
139 186 1
914 849 1
104 321 1
90 169 1
344 200 1
653 974 1
763 473 1
94 974 1
365 974 1
63 974 1
889 490 1
558 974 1
573 360 1
303 774 1
317 300 1
122 382 1
264 422 1
25 183 1
785 196 1
753 227 1
959 491 1
145 986 1
33 974 1
934 585 1
254 868 1
846 254 1
350 291 1
751 868 1
546 497 1
169 136 1
58 997 1
970 842 1
102 253 1
145 357 1
355 510 1
770 254 1
937 490 1
537 254 1
167 974 1
854 508 1
587 265 1
852 169 1
29 974 1
820 419 1
827 795 1
844 936 1
525 405 1
357 889 1
142 974 1
38 35 1
775 289 1
547 439 1
260 87 1
254 107 1
183 974 1
123 189 1
51 639 1
602 954 1
777 207 1
885 973 1
695 254 1
890 326 1
254 886 1
351 468 1
254 652 1
7 974 1
524 936 1
532 974 1
168 960 1
205 815 1
98 129 1
680 842 1
195 974 1
682 9 1
983 603 1
523 254 1
918 188 1
86 548 1
868 875 1
254 196 1
917 479 1
993 170 1
121 991 1
254 634 1
254 59 1
400 503 1
383 460 1
406 262 1
723 135 1
866 543 1
841 381 1
694 390 1
547 184 1
5 513 1
812 125 1
408 19 1
295 458 1
515 88 1
494 801 1
910 972 1
254 588 1
749 951 1
465 786 1
743 639 1
195 302 1
254 313 1
277 254 1
411 302 1
349 527 1
311 118 1
301 794 1
559 973 1
411 70 1
680 635 1
881 987 1
945 209 1
254 785 1
622 95 1
385 254 1
254 451 1
282 927 1
571 368 1
375 41 1
319 787 1
822 24 1
834 66 1
768 733 1
254 163 1
254 34 1
126 997 1
559 893 1
78 813 1
492 755 1
180 49 1
254 270 1
894 648 1
750 364 1
703 533 1
162 177 1
992 974 1
399 187 1
367 254 1
466 76 1
435 285 1
254 664 1
921 235 1
574 44 1
786 906 1
565 41 1
594 907 1
500 254 1
215 142 1
93 254 1
896 430 1
935 292 1
254 68 1
24 425 1
88 567 1
328 254 1
770 926 1
411 84 1
542 419 1
254 832 1
445 254 1
742 400 1
487 974 1
254 964 1
121 196 1
918 112 1
254 335 1
388 688 1
332 68 1
3 253 1
166 578 1
98 115 1
353 603 1
150 183 1
10 119 1
706 115 1
721 452 1
330 806 1
475 267 1
319 59 1
403 662 1
878 974 1
267 496 1
722 507 1
141 991 1
728 577 1
580 665 1
112 388 1
741 192 1
639 492 1
396 254 1
731 217 1
148 839 1
345 775 1
314 319 1
147 72 1
851 660 1
320 578 1
839 619 1
39 762 1
51 366 1
933 186 1
822 621 1
914 254 1
36 424 1
254 390 1
395 254 1
491 977 1
18 974 1
146 563 1
739 107 1
544 281 1
639 381 1
805 265 1
979 254 1
748 454 1
342 246 1
248 974 1
615 860 1
369 21 1
809 22 1
650 254 1
254 415 1
225 855 1
29 730 1
946 654 1
890 974 1
928 508 1
258 974 1
532 379 1
151 384 1
21 850 1
159 254 1
824 787 1
546 551 1
402 974 1
553 897 1
109 587 1
864 423 1
916 393 1
560 557 1
107 434 1
322 422 1
375 843 1
718 232 1
896 971 1
105 45 1
751 22 1
254 716 1
946 254 1
26 652 1
219 399 1
803 542 1
985 797 1
254 490 1
816 269 1
726 75 1
729 974 1
1 254 1
254 111 1
539 974 1
1000 847 1
254 183 1
399 992 1
895 464 1
982 273 1
632 994 1
762 254 1
276 974 1
169 13 1
108 254 1
993 254 1
769 476 1
254 323 1
970 609 1
5 994 1
98 619 1
644 254 1
723 705 1
144 329 1
445 676 1
45 974 1
764 355 1
157 254 1
69 231 1
156 73 1
751 348 1
203 254 1
225 753 1
149 974 1
346 478 1
644 662 1
596 526 1
996 576 1
615 75 1
276 104 1
91 167 1
567 974 1
456 974 1
459 786 1
106 122 1
445 442 1
917 272 1
278 106 1
607 240 1
150 254 1
685 848 1
91 503 1
121 254 1
116 737 1
746 229 1
235 942 1
57 8 1
943 974 1
461 974 1
768 727 1
964 329 1
954 592 1
406 254 1
325 974 1
928 199 1
771 742 1
304 317 1
241 688 1
319 190 1
20 635 1
469 72 1
263 290 1
126 845 1
254 294 1
908 420 1
266 199 1
408 224 1
749 857 1
75 268 1
731 706 1
21 27 1
864 974 1
900 35 1
254 949 1
760 934 1
568 330 1
254 755 1
813 74 1
206 974 1
99 183 1
471 430 1
64 607 1
789 490 1
254 576 1
425 654 1
718 78 1
128 781 1
474 705 1
654 974 1
812 188 1
25 958 1
834 290 1
497 242 1
749 552 1
416 576 1
703 495 1
589 921 1
233 629 1
832 974 1
26 696 1
348 548 1
254 791 1
932 271 1
266 635 1
369 138 1
521 94 1
206 871 1
260 986 1
416 677 1
311 258 1
360 329 1
748 380 1
311 957 1
186 874 1
722 237 1
254 178 1
98 767 1
873 192 1
121 498 1
187 974 1
887 341 1
716 974 1
203 667 1
165 783 1
852 200 1
928 730 1
846 974 1
254 153 1
647 740 1
138 772 1
647 131 1
770 797 1
23 70 1
438 974 1
448 209 1
913 951 1
485 761 1
12 927 1
938 675 1
377 745 1
879 693 1
407 974 1
750 674 1
918 272 1
254 200 1
425 670 1
146 885 1
88 76 1
302 370 1
188 804 1
640 254 1
165 914 1
375 204 1
952 974 1
951 706 1
422 250 1
990 335 1
941 974 1
245 974 1
140 291 1
71 542 1
427 519 1
617 796 1
254 433 1
239 634 1
229 844 1
600 244 1
380 436 1
671 869 1
254 405 1
98 57 1
253 625 1
319 254 1
770 426 1
2 254 1
244 593 1
584 275 1
888 771 1
913 34 1
254 957 1
378 905 1
856 70 1
254 502 1
873 860 1
333 779 1
641 854 1
642 873 1
254 379 1
812 743 1
911 368 1
925 464 1
227 974 1
892 322 1
980 616 1
495 351 1
253 965 1
650 94 1
369 254 1
568 195 1
544 990 1
768 974 1
749 583 1
254 231 1
865 151 1
521 254 1
69 21 1
581 631 1
503 281 1
524 239 1
618 706 1
886 974 1
893 171 1
254 610 1
258 583 1
23 630 1
254 227 1
354 974 1
401 213 1
101 906 1
16 73 1
825 256 1
79 880 1
424 974 1
443 354 1
932 451 1
350 386 1
595 830 1
667 518 1
726 32 1
21 326 1
816 749 1
691 739 1
110 583 1
442 254 1
162 974 1
229 577 1
642 256 1
953 823 1
825 254 1
120 433 1
760 94 1
754 551 1
854 609 1
441 424 1
717 836 1
731 309 1
557 974 1
739 179 1
371 143 1
443 806 1
337 254 1
631 845 1
499 724 1
695 748 1
810 17 1
798 821 1
671 522 1
709 254 1
578 160 1
848 254 1
679 391 1
442 590 1
166 281 1
748 167 1
951 974 1
109 196 1
604 8 1
39 320 1
927 254 1
270 4 1
630 424 1
75 54 1
254 845 1
515 14 1
585 974 1
667 974 1
254 774 1
775 588 1
432 175 1
885 143 1
411 16 1
254 711 1
779 268 1
266 874 1
790 30 1
798 846 1
44 381 1
777 684 1
511 776 1
702 320 1
26 729 1
865 401 1
254 597 1
276 797 1
790 254 1
247 556 1
937 974 1
947 974 1
473 765 1
383 694 1
253 717 1
121 258 1
10 254 1
384 201 1
507 189 1
298 601 1
842 693 1
254 279 1
725 974 1
276 332 1
692 847 1
732 951 1
152 460 1
797 535 1
141 254 1
37 767 1
295 153 1
701 801 1
469 256 1
916 254 1
306 254 1
911 254 1
51 974 1
415 974 1
166 254 1
219 423 1
677 974 1
944 974 1
877 95 1
288 727 1
678 811 1
932 254 1
290 17 1
442 974 1
390 579 1
655 415 1
465 47 1
500 659 1
959 942 1
856 668 1
621 254 1
587 136 1
101 871 1
989 466 1
895 957 1
317 254 1
150 657 1
734 557 1
462 653 1
16 501 1
277 948 1
105 416 1
57 258 1
104 254 1
833 545 1
707 759 1
211 136 1
440 309 1
132 202 1
254 62 1
878 870 1
50 585 1
644 784 1
528 14 1
123 254 1
252 796 1
349 254 1
962 974 1
117 254 1
254 164 1
203 407 1
991 450 1
411 936 1
260 389 1
83 981 1
675 858 1
587 254 1
254 327 1
605 814 1
799 861 1
385 649 1
293 699 1
408 31 1
807 514 1
640 972 1
254 858 1
400 734 1
254 209 1
83 330 1
128 855 1
539 659 1
641 254 1
100 207 1
403 201 1
95 961 1
308 319 1
157 111 1
981 974 1
411 254 1
123 288 1
487 55 1
138 897 1
254 32 1
99 787 1
573 793 1
793 814 1
254 42 1
110 26 1
396 927 1
866 439 1
58 542 1
90 445 1
586 368 1
35 974 1
709 988 1
397 925 1
254 122 1
254 973 1
431 196 1
254 733 1
254 431 1
308 72 1
98 629 1
243 42 1
960 940 1
441 78 1
146 692 1
448 544 1
816 19 1
206 254 1
894 7 1
679 527 1
254 690 1
818 104 1
69 853 1
214 136 1
473 974 1
75 806 1
151 548 1
811 605 1
514 508 1
555 254 1
736 974 1
416 297 1
203 884 1
294 508 1
913 32 1
731 313 1
781 974 1
295 194 1
536 974 1
383 254 1
331 675 1
346 391 1
30 219 1
561 254 1
456 785 1
953 636 1
127 713 1
51 660 1
228 509 1
185 324 1
114 616 1
946 391 1
301 254 1
618 254 1
304 19 1
640 638 1
254 987 1
831 974 1
448 254 1
892 182 1
645 498 1
48 326 1
676 7 1
207 974 1
537 878 1
36 570 1
463 959 1
30 8 1
228 631 1
16 974 1
338 912 1
83 809 1
16 618 1
695 311 1
822 254 1
970 410 1
77 588 1
92 503 1
882 398 1
978 696 1
332 850 1
548 576 1
346 930 1
823 577 1
903 974 1
104 700 1
879 912 1
16 663 1
743 270 1
254 140 1
314 254 1
958 849 1
254 527 1
251 705 1
394 527 1
921 959 1
816 254 1
103 509 1
314 389 1
394 313 1
664 522 1
254 737 1
610 839 1
95 217 1
552 556 1
944 583 1
422 470 1
511 733 1
286 29 1
396 434 1
752 782 1
798 764 1
701 275 1
254 74 1
620 183 1
254 291 1
414 322 1
4 974 1
10 942 1
120 974 1
715 254 1
934 974 1
254 616 1
251 376 1
762 250 1
420 254 1
750 996 1
82 871 1
331 516 1
547 254 1
643 585 1
644 132 1
998 803 1
554 311 1
109 776 1
587 997 1
254 986 1
615 256 1
731 944 1
20 237 1
110 530 1
465 805 1
254 541 1
254 285 1
633 533 1
254 577 1
218 906 1
390 974 1
916 365 1
317 423 1
425 254 1
232 842 1
314 955 1
751 140 1
937 838 1
93 404 1
798 607 1
774 483 1
152 254 1
295 254 1
487 423 1
566 231 1
574 254 1
254 78 1
209 940 1
913 985 1
286 981 1
246 477 1
642 861 1
172 254 1
554 789 1
120 77 1
254 803 1
674 254 1
742 315 1
233 791 1
509 132 1
124 677 1
903 747 1
633 174 1
322 254 1
254 380 1
954 449 1
3 585 1
457 932 1
459 134 1
61 586 1
988 453 1
482 273 1
201 130 1
254 721 1
176 667 1
224 806 1
355 493 1
863 690 1
678 431 1
634 297 1
403 669 1
317 601 1
254 300 1
775 58 1
651 457 1
787 974 1
263 91 1
101 513 1
680 903 1
890 583 1
614 940 1
524 254 1
91 899 1
154 974 1
254 786 1
48 202 1
254 60 1
947 254 1
485 352 1
276 558 1
287 219 1
334 254 1
622 968 1
16 267 1
304 613 1
472 277 1
272 629 1
754 900 1
254 689 1
732 954 1
466 254 1
90 87 1
62 745 1
254 984 1
25 979 1
944 254 1
229 815 1
283 486 1
893 876 1
459 813 1
254 388 1
403 974 1
801 254 1
254 318 1
534 970 1
740 797 1
316 13 1
771 974 1
976 805 1
967 941 1
710 193 1
959 886 1
147 704 1
156 796 1
343 571 1
910 761 1
321 697 1
414 231 1
447 787 1
59 849 1
283 980 1
254 201 1
889 974 1
361 580 1
392 564 1
254 713 1
482 974 1
459 637 1
742 254 1
94 248 1
631 325 1
421 592 1
992 905 1
985 706 1
740 93 1
465 344 1
837 43 1
466 901 1
19 13 1
254 828 1
583 974 1
922 806 1
938 430 1
254 677 1
712 279 1
342 816 1
348 186 1
529 4 1
555 865 1
418 893 1
637 271 1
530 13 1
184 218 1
721 236 1
254 357 1
419 974 1
301 964 1
254 658 1
582 464 1
818 254 1
254 535 1
614 444 1
113 688 1
580 676 1
651 791 1
584 254 1
745 160 1
816 153 1
827 726 1
518 643 1
281 129 1
814 974 1
315 974 1
251 15 1
773 258 1
609 671 1
163 974 1
913 727 1
515 254 1
599 489 1
379 4 1
418 661 1
254 484 1
254 321 1
453 974 1
566 18 1
239 118 1
866 974 1
143 111 1
276 254 1
102 803 1
561 974 1
190 905 1
688 974 1
606 254 1
46 254 1
824 220 1
428 492 1
131 974 1
602 775 1
325 519 1
254 582 1
606 173 1
546 848 1
805 974 1
686 35 1
495 655 1
768 935 1
282 120 1
982 748 1
459 715 1
604 216 1
534 254 1
215 682 1
134 974 1
503 376 1
282 254 1
254 144 1
291 974 1
90 254 1
865 111 1
437 974 1
801 653 1
243 942 1
896 414 1
873 974 1
18 509 1
35 70 1
36 697 1
48 254 1
238 980 1
758 720 1
921 54 1
723 142 1
421 756 1
861 429 1
275 305 1
254 955 1
678 675 1
621 950 1
807 631 1
420 992 1
225 981 1
447 766 1
254 17 1
169 45 1
664 905 1
391 510 1
304 141 1
408 974 1
411 93 1
26 974 1
947 415 1
254 900 1
568 254 1
300 556 1
421 254 1
166 110 1
322 912 1
679 907 1
10 998 1
772 63 1
349 974 1
254 745 1
116 914 1
254 804 1
579 974 1
5 12 1
334 971 1
284 689 1
401 53 1
933 511 1
533 942 1
151 920 1
53 550 1
829 254 1
967 900 1
838 54 1
360 663 1
421 185 1
533 635 1
837 784 1
425 806 1
408 803 1
707 254 1
728 151 1
471 254 1
691 63 1
240 252 1
547 435 1
267 242 1
465 536 1
51 123 1
20 974 1
917 341 1
185 717 1
211 321 1
871 765 1
448 916 1
726 840 1
69 974 1
999 990 1
748 266 1
122 787 1
562 187 1
952 207 1
981 994 1
639 136 1
254 511 1
254 309 1
470 391 1
628 119 1
417 737 1
692 941 1
273 545 1
20 254 1
782 207 1
724 415 1
850 37 1
126 773 1
47 235 1
316 899 1
513 507 1
513 576 1
20 325 1
366 838 1
128 282 1
993 974 1
79 162 1
340 706 1
283 974 1
441 254 1
258 7 1
890 254 1
307 8 1
748 712 1
342 154 1
9 836 1
254 89 1
798 254 1
602 803 1
720 194 1
350 974 1
610 458 1
385 197 1
62 974 1
850 217 1
57 430 1
628 838 1
3 180 1
943 855 1
254 365 1
44 542 1
397 479 1
504 82 1
953 548 1
418 397 1
982 824 1
672 115 1
791 974 1
126 882 1
882 658 1
338 628 1
494 476 1
529 254 1
412 254 1
44 956 1
923 254 1
83 254 1
425 214 1
726 484 1
391 153 1
254 833 1
15 805 1
274 974 1
927 217 1
771 208 1
699 323 1
704 991 1
338 721 1
224 72 1
850 398 1
714 615 1
495 974 1
646 825 1
23 278 1
212 122 1
567 468 1
883 974 1
254 329 1
578 974 1
551 222 1
474 716 1
842 611 1
284 977 1
158 794 1
154 925 1
124 254 1
657 192 1
731 167 1
254 341 1
97 254 1
254 815 1
380 839 1
436 778 1
981 663 1
712 160 1
331 254 1
724 973 1
349 671 1
428 63 1
391 452 1
254 661 1
166 227 1
353 898 1
559 111 1
36 974 1
324 365 1
283 293 1
790 865 1
342 622 1
416 366 1
821 828 1
254 234 1
617 913 1
790 419 1
292 974 1
674 777 1
692 930 1
42 875 1
389 974 1
166 72 1
228 735 1
254 400 1
826 746 1
832 227 1
708 254 1
463 974 1
20 829 1
817 974 1
216 254 1
469 921 1
1000 974 1
254 593 1
134 156 1
214 248 1
998 974 1
936 974 1
725 47 1
254 483 1
744 733 1
26 204 1
471 984 1
546 62 1
254 607 1
138 158 1
638 400 1
187 737 1
150 722 1
798 555 1
77 70 1
1000 254 1
950 974 1
125 974 1
805 243 1
350 800 1
71 569 1
710 966 1
606 299 1
636 974 1
69 745 1
215 735 1
396 367 1
506 414 1
126 672 1
254 252 1
798 187 1
780 504 1
554 175 1
632 611 1
699 134 1
559 254 1
573 616 1
748 254 1
277 125 1
254 413 1
835 133 1
797 627 1
986 974 1
215 873 1
862 789 1
548 70 1
367 412 1
560 289 1
181 813 1
254 344 1
749 119 1
121 799 1
715 654 1
798 999 1
254 630 1
655 974 1
897 187 1
617 776 1
286 160 1
101 49 1
148 855 1
471 455 1
254 614 1
754 254 1
973 111 1
209 839 1
669 990 1
525 397 1
994 119 1
105 219 1
431 972 1
710 616 1
529 341 1
72 545 1
495 254 1
340 878 1
833 616 1
284 974 1
360 228 1
364 73 1
406 60 1
648 974 1
465 750 1
214 889 1
911 974 1
254 192 1
254 273 1
93 705 1
346 655 1
27 626 1
823 386 1
563 254 1
511 845 1
723 544 1
348 957 1
474 104 1
254 81 1
929 925 1
422 974 1
559 31 1
872 398 1
176 664 1
254 572 1
622 128 1
897 941 1
951 635 1
666 118 1
202 493 1
707 756 1
254 966 1
176 365 1
915 961 1
647 13 1
898 747 1
671 838 1
254 429 1
525 844 1
944 299 1
410 699 1
908 213 1
440 451 1
282 259 1
661 804 1
819 312 1
254 636 1
444 966 1
254 404 1
731 612 1
600 877 1
353 254 1
219 193 1
954 468 1
328 880 1
267 158 1
90 944 1
254 443 1
762 739 1
264 49 1
701 254 1
588 111 1
348 305 1
715 367 1
849 700 1
322 280 1
120 73 1
100 611 1
509 535 1
332 254 1
704 244 1
952 160 1
124 120 1
55 74 1
497 874 1
833 564 1
55 710 1
242 545 1
566 287 1
422 254 1
352 588 1
109 849 1
763 96 1
111 158 1
881 974 1
393 840 1
9 855 1
254 387 1
487 254 1
887 254 1
69 86 1
211 780 1
384 199 1
891 235 1
894 339 1
193 379 1
543 254 1
897 213 1
254 734 1
51 572 1
537 593 1
363 847 1
540 677 1
738 524 1
254 997 1
56 974 1
820 590 1
570 886 1
929 873 1
367 730 1
422 285 1
639 974 1
293 44 1
909 613 1
254 619 1
81 326 1
641 923 1
490 520 1
292 160 1
659 974 1
481 125 1
679 186 1
58 974 1
698 737 1
97 823 1
653 28 1
838 460 1
463 54 1
420 351 1
18 29 1
769 943 1
517 138 1
232 556 1
751 569 1
254 364 1
669 541 1
622 222 1
176 693 1
254 207 1
319 562 1
339 254 1
710 419 1
343 239 1
747 974 1
254 161 1
50 213 1
266 791 1
254 424 1
902 776 1
25 15 1
127 254 1
917 426 1
324 937 1
740 773 1
9 439 1
300 711 1
375 974 1
254 936 1
686 254 1
254 491 1
895 884 1
228 254 1
55 974 1
417 762 1
254 904 1
225 491 1
254 87 1
773 262 1
707 790 1
536 111 1
53 974 1
888 254 1
602 132 1
396 745 1
286 373 1
631 505 1
744 239 1
515 612 1
112 974 1
642 154 1
852 490 1
82 658 1
839 291 1
254 397 1
254 570 1
71 974 1
606 610 1
246 384 1
410 572 1
798 913 1
820 49 1
527 974 1
824 792 1
995 155 1
202 178 1
708 974 1
920 974 1
254 961 1
930 6 1
372 974 1
984 535 1
128 254 1
866 272 1
113 808 1
331 954 1
393 285 1
449 681 1
570 400 1
175 551 1
274 13 1
482 415 1
86 942 1
313 473 1
596 557 1
707 230 1
831 380 1
981 501 1
414 974 1
133 706 1
195 736 1
933 254 1
561 223 1
254 208 1
993 650 1
254 235 1
746 63 1
913 675 1
69 785 1
793 574 1
447 664 1
128 974 1
274 36 1
707 435 1
271 423 1
993 168 1
832 611 1
567 625 1
170 498 1
254 682 1
678 974 1
862 542 1
945 387 1
292 813 1
978 516 1
257 923 1
678 254 1
515 237 1
266 974 1
600 423 1
267 450 1
254 236 1
195 704 1
429 867 1
517 974 1
693 254 1
255 254 1
337 509 1
301 174 1
254 29 1
834 565 1
455 254 1
287 293 1
50 440 1
145 254 1
224 988 1
746 830 1
349 427 1
811 990 1
109 55 1
22 990 1
86 254 1
696 248 1
596 787 1
536 901 1
191 957 1
254 65 1
254 281 1
776 497 1
455 367 1
890 948 1
989 254 1
789 381 1
402 145 1
607 335 1
254 660 1
99 910 1
823 254 1
538 254 1
254 855 1
732 800 1
321 207 1
15 331 1
455 764 1
940 668 1
244 520 1
893 254 1
472 716 1
157 735 1
286 254 1
644 804 1
215 595 1
254 381 1
318 711 1
770 733 1
13 941 1
99 254 1
378 576 1
208 920 1
300 974 1
972 7 1
407 172 1
769 254 1
643 828 1
441 386 1
254 40 1
240 974 1
675 974 1
311 972 1
254 114 1
632 974 1
226 574 1
352 254 1
913 934 1
276 507 1
304 796 1
43 94 1
203 165 1
264 312 1
546 254 1
524 234 1
693 974 1
606 354 1
254 315 1
254 813 1
620 612 1
841 66 1
824 254 1
923 520 1
101 238 1
252 130 1
526 503 1
15 254 1
779 335 1
60 320 1
375 591 1
286 681 1
782 278 1
395 140 1
859 254 1
447 551 1
771 660 1
553 903 1
744 967 1
185 920 1
360 254 1
903 426 1
967 323 1
722 62 1
462 302 1
353 112 1
346 558 1
982 696 1
933 491 1
739 41 1
706 590 1
816 391 1
91 974 1
561 493 1
397 266 1
883 804 1
51 744 1
746 805 1
568 284 1
91 341 1
835 429 1
254 840 1
626 194 1
254 219 1
288 111 1
502 458 1
716 791 1
289 849 1
323 492 1
723 258 1
260 948 1
583 941 1
235 218 1
220 974 1
71 300 1
84 952 1
600 761 1
770 844 1
161 974 1
722 986 1
82 973 1
254 912 1
342 501 1
165 974 1
152 828 1
763 562 1
880 193 1
254 478 1
399 942 1
191 318 1
555 365 1
254 930 1
635 794 1
976 991 1
993 14 1
591 966 1
254 934 1
254 943 1
254 901 1
598 974 1
929 931 1
251 805 1
958 343 1
333 254 1
678 842 1
99 200 1
744 500 1
885 733 1
198 419 1
109 20 1
512 836 1
254 33 1
631 9 1
809 504 1
547 772 1
255 419 1
342 693 1
232 341 1
140 326 1
417 917 1
90 867 1
968 351 1
427 645 1
180 389 1
347 579 1
687 163 1
672 356 1
632 567 1
322 384 1
217 974 1
831 254 1
420 33 1
613 940 1
848 59 1
254 399 1
163 291 1
686 321 1
919 658 1
843 990 1
536 254 1
969 974 1
15 151 1
314 188 1
254 545 1
844 531 1
608 761 1
917 974 1
363 955 1
286 397 1
961 901 1
749 330 1
595 112 1
524 974 1
416 563 1
470 977 1
129 612 1
25 943 1
942 974 1
912 94 1
254 992 1
147 310 1
352 607 1
896 352 1
254 160 1
793 254 1
23 75 1
596 910 1
3 254 1
678 762 1
999 415 1
198 254 1
10 74 1
553 254 1
175 434 1
311 155 1
171 285 1
254 271 1
774 63 1
233 254 1
46 164 1
913 254 1
437 254 1
911 13 1
720 791 1
295 673 1
912 624 1
880 554 1
51 741 1
704 254 1
559 577 1
503 388 1
546 748 1
665 591 1
254 672 1
679 429 1
251 974 1
675 578 1
566 791 1
254 391 1
540 362 1
260 123 1
371 412 1
845 974 1
998 196 1
902 209 1
827 49 1
901 974 1
43 527 1
579 867 1
254 427 1
573 3 1
918 155 1
254 549 1
898 77 1
771 239 1
92 569 1
752 517 1
596 511 1
660 688 1
147 103 1
139 871 1
751 726 1
854 939 1
640 892 1
952 323 1
87 926 1
131 220 1
417 490 1
752 284 1
481 326 1
16 227 1
469 738 1
609 582 1
999 879 1
317 932 1
978 549 1
254 428 1
854 254 1
727 230 1
77 7 1
83 748 1
165 524 1
145 974 1
264 786 1
30 802 1
760 773 1
72 254 1
61 922 1
880 140 1
260 894 1
572 974 1
481 123 1
254 8 1
254 567 1
919 346 1
528 490 1
523 791 1
953 567 1
615 254 1
456 181 1
765 974 1
254 41 1
382 942 1
25 705 1
23 254 1
580 254 1
976 339 1
469 344 1
254 508 1
254 594 1
20 849 1
573 796 1
24 857 1
105 217 1
264 254 1
966 41 1
536 493 1
312 300 1
936 13 1
254 119 1
384 658 1
13 974 1
887 196 1
987 806 1
757 464 1
455 781 1
13 616 1
151 791 1
189 409 1
191 848 1
10 206 1
261 839 1
380 227 1
553 965 1
988 222 1
799 238 1
908 974 1
824 805 1
452 941 1
785 144 1
608 899 1
943 840 1
844 9 1
829 370 1
254 522 1
274 267 1
392 501 1
286 560 1
919 261 1
927 964 1
566 984 1
962 295 1
919 974 1
939 624 1
630 761 1
131 777 1
3 990 1
697 199 1
995 312 1
414 367 1
909 287 1
128 950 1
634 974 1
254 968 1
448 436 1
346 393 1
835 623 1
657 591 1
621 503 1
665 266 1
20 620 1
815 974 1
127 426 1
254 920 1
739 254 1
416 254 1
866 569 1
254 419 1
208 663 1
909 254 1
940 357 1
249 248 1
653 37 1
254 513 1
971 313 1
703 401 1
324 782 1
551 886 1
819 11 1
807 365 1
935 791 1
854 846 1
319 453 1
631 305 1
254 181 1
330 662 1
203 551 1
348 736 1
546 699 1
798 954 1
973 354 1
650 302 1
138 554 1
880 974 1
187 164 1
254 806 1
414 350 1
254 458 1
322 747 1
500 151 1
965 357 1
835 157 1
947 496 1
344 456 1
286 855 1
163 430 1
703 130 1
102 974 1
988 974 1
525 241 1
416 881 1
835 555 1
625 480 1
134 545 1
254 120 1
105 254 1
664 430 1
371 321 1
708 552 1
411 229 1
401 154 1
487 531 1
828 974 1
523 515 1
254 9 1
254 838 1
993 501 1
82 424 1
632 62 1
254 883 1
254 268 1
338 937 1
753 974 1
551 734 1
896 480 1
932 374 1
605 804 1
692 803 1
824 974 1
210 519 1
254 808 1
525 974 1
945 912 1
168 998 1
190 969 1
100 397 1
481 974 1
410 254 1
617 940 1
366 229 1
410 502 1
1 75 1
773 988 1
346 9 1
32 662 1
254 889 1
699 527 1
899 299 1
903 179 1
728 719 1
64 974 1
728 865 1
331 706 1
254 706 1
472 928 1
184 130 1
5 254 1
254 926 1
945 95 1
409 356 1
982 708 1
372 938 1
770 974 1
254 994 1
523 6 1
144 974 1
191 201 1
321 969 1
340 767 1
511 326 1
428 217 1
909 912 1
342 83 1
254 492 1
943 153 1
710 292 1
588 870 1
115 870 1
457 765 1
254 205 1
254 794 1
893 420 1
617 313 1
704 986 1
701 876 1
497 41 1
306 947 1
782 839 1
139 778 1
384 711 1
866 314 1
725 506 1
664 40 1
16 254 1
910 974 1
233 243 1
164 974 1
880 49 1
459 254 1
485 974 1
71 254 1
51 927 1
995 32 1
481 115 1
657 519 1
12 526 1
475 254 1
989 688 1
854 708 1
570 943 1
726 965 1
562 374 1
621 140 1
451 974 1
328 156 1
254 258 1
971 930 1
927 520 1
568 942 1
334 277 1
249 545 1
385 919 1
220 9 1
857 994 1
254 292 1
427 28 1
801 202 1
251 708 1
615 690 1
205 974 1
260 594 1
809 974 1
405 937 1
323 588 1
552 885 1
161 677 1
715 754 1
316 587 1
86 620 1
993 227 1
338 39 1
946 572 1
16 904 1
254 278 1
461 254 1
468 974 1
418 254 1
610 142 1
723 952 1
982 254 1
232 942 1
143 787 1
396 191 1
403 996 1
463 765 1
75 664 1
254 507 1
856 8 1
982 916 1
506 614 1
20 451 1
254 7 1
950 660 1
513 981 1
47 254 1
980 9 1
687 131 1
206 222 1
935 796 1
239 629 1
595 107 1
976 265 1
20 504 1
978 511 1
155 433 1
254 670 1
27 52 1
966 231 1
536 239 1
50 662 1
292 179 1
269 434 1
386 254 1
56 706 1
331 285 1
523 464 1
135 181 1
137 974 1
738 949 1
171 78 1
169 254 1
488 876 1
188 254 1
221 349 1
310 268 1
963 344 1
254 184 1
318 508 1
749 382 1
593 974 1
47 390 1
254 95 1
273 974 1
850 974 1
825 278 1
254 354 1
614 658 1
800 88 1
908 960 1
254 376 1
719 554 1
523 935 1
402 542 1
624 658 1
788 53 1
797 661 1
109 16 1
254 628 1
656 535 1
281 297 1
251 162 1
176 307 1
622 594 1
425 404 1
861 323 1
919 76 1
469 974 1
908 240 1
927 850 1
22 772 1
176 341 1
937 82 1
909 880 1
984 753 1
182 585 1
783 643 1
861 254 1
347 91 1
254 436 1
580 454 1
978 492 1
661 974 1
150 613 1
873 254 1
207 926 1
253 636 1
187 690 1
558 254 1
929 251 1
55 180 1
254 645 1
394 320 1
293 217 1
698 409 1
666 223 1
856 254 1
254 519 1
865 17 1
835 903 1
102 372 1
609 490 1
797 341 1
43 882 1
126 974 1
586 196 1
79 52 1
131 142 1
362 254 1
982 974 1
710 578 1
353 435 1
560 974 1
729 254 1
953 284 1
560 132 1
288 456 1
674 850 1
371 254 1
580 93 1
965 670 1
656 449 1
146 974 1
361 254 1
45 387 1
558 575 1
999 254 1
660 643 1
238 254 1
662 389 1
549 736 1
192 96 1
657 13 1
128 906 1
154 504 1
314 431 1
773 143 1
788 628 1
807 508 1
381 498 1
405 570 1
632 663 1
254 180 1
225 661 1
316 400 1
568 351 1
537 69 1
254 130 1
819 535 1
918 502 1
46 645 1
869 997 1
161 423 1
100 992 1
56 890 1
408 747 1
691 254 1
254 14 1
604 254 1
963 254 1
48 675 1
630 974 1
626 594 1
559 230 1
2 675 1
1 460 1
84 238 1
30 552 1
92 987 1
228 974 1
772 974 1
254 493 1
969 688 1
162 478 1
555 990 1
191 974 1
847 974 1
197 267 1
287 254 1
816 91 1
916 838 1
208 28 1
100 954 1
385 868 1
412 409 1
136 299 1
484 717 1
112 189 1
176 545 1
366 552 1
675 588 1
561 234 1
202 184 1
139 447 1
348 254 1
815 688 1
86 9 1
326 478 1
728 594 1
147 207 1
226 970 1
938 632 1
879 777 1
725 104 1
979 498 1
588 194 1
459 315 1
254 637 1
455 974 1
665 205 1
924 176 1
254 70 1
549 82 1
713 318 1
337 599 1
353 893 1
773 974 1
573 207 1
584 427 1
725 996 1
377 777 1
435 272 1
528 1000 1
101 508 1
749 254 1
254 895 1
254 76 1
894 682 1
517 66 1
239 974 1
411 717 1
340 80 1
146 927 1
978 974 1
310 522 1
414 254 1
223 130 1
254 830 1
84 899 1
79 436 1
717 974 1
352 761 1
768 320 1
995 818 1
16 13 1
650 405 1
913 384 1
467 262 1
812 683 1
952 270 1
85 652 1
809 254 1
666 974 1
62 409 1
621 761 1
116 964 1
294 144 1
315 426 1
224 974 1
714 618 1
20 547 1
542 74 1
935 520 1
502 31 1
744 363 1
319 577 1
861 268 1
732 974 1
254 688 1
522 974 1
793 265 1
819 967 1
254 479 1
762 440 1
904 183 1
428 711 1
402 447 1
622 741 1
12 58 1
254 186 1
140 508 1
241 254 1
731 813 1
736 737 1
609 254 1
103 733 1
998 804 1
316 556 1
126 55 1
254 814 1
254 217 1
795 254 1
85 254 1
293 433 1
126 780 1
71 364 1
544 575 1
530 974 1
967 787 1
254 426 1
819 17 1
738 254 1
254 351 1
241 120 1
833 700 1
316 254 1
100 254 1
301 383 1
525 839 1
203 426 1
371 182 1
10 716 1
876 413 1
481 404 1
660 597 1
25 741 1
366 37 1
254 503 1
790 202 1
718 254 1
767 974 1
587 144 1
418 791 1
459 974 1
826 989 1
743 292 1
613 733 1
254 884 1
302 974 1
61 800 1
935 468 1
894 254 1
639 511 1
406 199 1
296 388 1
495 138 1
254 925 1
322 508 1
879 142 1
254 578 1
958 847 1
687 876 1
897 577 1
42 884 1
775 254 1
866 542 1
254 480 1
461 218 1
932 974 1
289 201 1
619 244 1
568 838 1
841 634 1
56 925 1
77 853 1
311 212 1
715 576 1
740 918 1
1000 659 1
473 335 1
741 727 1
856 679 1
254 765 1
509 196 1
432 601 1
958 312 1
531 662 1
185 755 1
741 68 1
150 751 1
827 50 1
371 969 1
516 244 1
282 70 1
276 636 1
692 13 1
193 974 1
377 254 1
754 974 1
124 411 1
280 254 1
305 974 1
144 413 1
777 974 1
87 285 1
968 201 1
856 984 1
254 948 1
775 262 1
746 254 1
215 254 1
943 884 1
254 175 1
985 936 1
182 997 1
799 254 1
958 974 1
823 484 1
254 189 1
324 405 1
838 227 1
685 254 1
865 583 1
141 974 1
760 240 1
310 932 1
254 132 1
719 74 1
746 735 1
488 87 1
418 162 1
769 963 1
826 247 1
991 614 1
892 941 1
656 313 1
891 315 1
168 254 1
164 575 1
592 356 1
384 974 1
746 161 1
407 73 1
132 575 1
494 545 1
340 254 1
138 254 1
775 486 1
69 287 1
999 677 1
673 901 1
898 320 1
541 542 1
225 974 1
580 329 1
807 544 1
232 845 1
167 576 1
153 376 1
331 440 1
993 247 1
843 842 1
701 956 1
254 449 1
737 974 1
255 635 1
226 957 1
976 254 1
18 508 1
174 974 1
842 451 1
432 579 1
364 994 1
862 254 1
528 254 1
152 164 1
739 974 1
770 855 1
298 378 1
206 632 1
377 313 1
963 98 1
642 514 1
976 808 1
305 975 1
824 406 1
837 689 1
250 961 1
287 767 1
639 449 1
455 422 1
219 200 1
216 1000 1
788 371 1
254 705 1
837 254 1
412 612 1
79 486 1
503 645 1
743 974 1
347 216 1
650 435 1
500 974 1
725 182 1
861 207 1
242 578 1
665 871 1
566 254 1
572 270 1
86 901 1
950 279 1
953 668 1
550 254 1
904 49 1
254 194 1
360 444 1
524 313 1
257 625 1
650 867 1
680 254 1
340 966 1
900 200 1
9 468 1
523 787 1
488 988 1
38 552 1
851 569 1
728 254 1
278 149 1
312 111 1
82 575 1
459 250 1
509 956 1
173 974 1
792 362 1
246 670 1
640 376 1
254 710 1
77 974 1
115 376 1
624 140 1
636 849 1
371 619 1
683 446 1
254 844 1
469 560 1
304 192 1
804 974 1
568 148 1
169 312 1
676 697 1
693 582 1
254 54 1
123 974 1
427 387 1
682 974 1
878 254 1
480 974 1
139 974 1
195 586 1
146 207 1
395 974 1
391 271 1
746 729 1
254 378 1
761 659 1
680 23 1
771 254 1
322 974 1
452 677 1
740 626 1
228 941 1
254 266 1
563 115 1
997 576 1
351 755 1
830 974 1
254 218 1
752 974 1
770 456 1
547 356 1
346 254 1
2 971 1
287 59 1
132 800 1
254 956 1
243 254 1
693 721 1
463 440 1
53 254 1
900 467 1
797 254 1
161 237 1
332 973 1
872 254 1
267 254 1
254 115 1
769 454 1
780 22 1
257 254 1
55 901 1
311 994 1
37 569 1
525 67 1
722 196 1
105 409 1
731 254 1
230 577 1
97 1 1
610 583 1
317 922 1
254 625 1
828 612 1
210 254 1
568 324 1
482 234 1
541 281 1
571 761 1
159 661 1
96 200 1
333 468 1
951 8 1
658 974 1
237 974 1
463 676 1
52 49 1
176 254 1
687 254 1
933 952 1
921 451 1
831 382 1
751 984 1
790 68 1
896 899 1
639 858 1
978 254 1
534 649 1
776 974 1
285 974 1
330 254 1
487 999 1
32 836 1
281 874 1
891 889 1
38 104 1
902 75 1
254 453 1
52 468 1
283 868 1
715 267 1
933 119 1
5 429 1
561 536 1
704 794 1
552 254 1
111 974 1
707 891 1
300 672 1
20 162 1
311 863 1
444 755 1
790 781 1
528 585 1
254 4 1
679 597 1
334 974 1
564 906 1
216 839 1
11 990 1
807 957 1
597 974 1
683 376 1
486 711 1
622 974 1
887 671 1
801 237 1
852 550 1
859 72 1
728 473 1
254 736 1
660 40 1
909 91 1
999 339 1
852 991 1
691 70 1
147 254 1
254 202 1
800 875 1
131 957 1
798 506 1
375 654 1
950 265 1
461 36 1
669 449 1
459 629 1
324 452 1
818 498 1
547 443 1
459 687 1
887 775 1
850 977 1
25 254 1
725 254 1
749 974 1
191 804 1
91 189 1
211 656 1
827 254 1
958 216 1
613 149 1
509 747 1
479 218 1
150 974 1
284 254 1
801 932 1
307 49 1
672 776 1
990 14 1
841 761 1
916 371 1
910 489 1
854 974 1
762 968 1
191 254 1
768 254 1
166 231 1
5 616 1
694 254 1
683 254 1
254 370 1
219 575 1
377 974 1
39 903 1
85 65 1
914 937 1
849 690 1
338 54 1
254 766 1
343 688 1
919 18 1
412 476 1
625 612 1
463 569 1
203 336 1
921 996 1
608 94 1
432 404 1
714 805 1
385 373 1
38 482 1
485 973 1
551 231 1
707 231 1
888 306 1
442 700 1
301 610 1
606 825 1
262 974 1
878 297 1
69 118 1
436 41 1
517 264 1
970 628 1
275 974 1
782 143 1
98 254 1
398 875 1
245 162 1
430 974 1
381 974 1
924 508 1
756 557 1
426 974 1
252 974 1
894 974 1
305 254 1
254 11 1
526 956 1
896 246 1
904 974 1
506 254 1
307 974 1
909 493 1
254 915 1
789 935 1
301 281 1
71 173 1
613 974 1
609 279 1
43 767 1
971 974 1
840 974 1
595 254 1
332 500 1
388 368 1
211 309 1
185 254 1
45 78 1
933 205 1
488 178 1
715 616 1
976 974 1
499 254 1
254 850 1
919 614 1
967 175 1
357 575 1
132 183 1
517 280 1
739 384 1
228 605 1
93 905 1
872 52 1
350 254 1
410 65 1
505 964 1
673 663 1
254 796 1
254 88 1
865 815 1
740 236 1
71 670 1
187 612 1
777 632 1
106 34 1
988 607 1
756 9 1
471 424 1
498 974 1
434 828 1
220 530 1
922 62 1
931 426 1
879 941 1
400 256 1
620 736 1
255 242 1
604 20 1
188 874 1
834 130 1
117 988 1
945 764 1
67 668 1
543 784 1
254 239 1
770 836 1
254 853 1
254 253 1
732 932 1
693 767 1
295 920 1
704 424 1
621 947 1
198 475 1
254 648 1
97 453 1
242 974 1
775 713 1
403 254 1
102 254 1
131 635 1
931 11 1
217 905 1
865 502 1
100 232 1
499 89 1
841 517 1
254 776 1
752 691 1
108 974 1
442 222 1
146 719 1
989 987 1
151 160 1
262 160 1
254 899 1
877 254 1
39 557 1
139 210 1
254 398 1
584 974 1
546 974 1
269 618 1
929 714 1
24 324 1
96 129 1
277 807 1
919 473 1
406 218 1
280 700 1
254 454 1
137 585 1
565 821 1
792 254 1
914 685 1
675 163 1
252 860 1
3 528 1
333 555 1
254 473 1
360 933 1
553 646 1
316 117 1
725 424 1
726 974 1
474 254 1
769 974 1
726 254 1
254 772 1
254 67 1
967 794 1
975 794 1
328 590 1
402 345 1
551 901 1
837 77 1
232 923 1
422 679 1
254 394 1
650 782 1
254 980 1
363 785 1
469 857 1
338 94 1
862 974 1
683 13 1
633 994 1
865 943 1
476 227 1
911 160 1
449 6 1
132 429 1
79 254 1
324 778 1
555 502 1
1000 623 1
862 488 1
640 974 1
44 486 1
416 230 1
827 285 1
56 967 1
395 851 1
938 582 1
495 355 1
758 62 1
254 767 1
852 603 1
579 616 1
743 254 1
254 922 1
698 329 1
246 230 1
983 254 1
254 531 1
686 899 1
560 231 1
221 670 1
957 974 1
687 250 1
254 244 1
147 458 1
607 974 1
866 768 1
53 623 1
55 529 1
694 359 1
166 805 1
962 824 1
587 986 1
793 27 1
723 254 1
487 252 1
49 974 1
839 889 1
622 544 1
731 716 1
463 319 1
916 382 1
838 974 1
703 908 1
566 829 1
573 974 1
362 716 1
254 37 1
760 974 1
98 974 1
395 260 1
113 254 1
580 57 1
361 116 1
581 254 1
304 974 1
470 468 1
757 254 1
139 258 1
288 174 1
246 254 1
591 387 1
944 436 1
931 254 1
367 259 1
780 484 1
924 254 1
586 398 1
21 674 1
917 268 1
343 254 1
939 330 1
84 637 1
169 920 1
61 968 1
254 58 1
142 244 1
108 110 1
333 62 1
